Degree: 5
IsPeriodic: false
Control Points[6]:
0.0, 0.0, 0.0
0.014564850944279694, 0.03408943343218355, 0.0028362338067738393
0.03036617761823006, 0.03481842906196347, 0.020890239191509284
0.05005984860309037, 0.025015838145778048, 0.0414541458560949
0.07304678476666146, 0.01705414000312158, 0.05720338106758233
0.09743604651162791, 0.014997093023255818, 0.06819331395348837
Weights[6]:
1, 1, 1, 1, 1, 1
Knots[12]:
0, 0, 0, 0, 0, 0, 1, 1, 1, 1, 1, 1

Degree: 5
IsPeriodic: false
Control Points[6]:
0.09743604651162791, 0.014997093023255818, 0.06819331395348837
0.12182530825659435, 0.012940046043390044, 0.07918324683939441
0.14761689558295615, 0.016787650226314966, 0.08541387739971906
0.17291986889339785, 0.030603663961292334, 0.08694057476197908
0.19455142812548775, 0.05014312470735133, 0.09119864991415639
0.210, 0.065, 0.115
Weights[6]:
1, 1, 1, 1, 1, 1
Knots[12]:
0, 0, 0, 0, 0, 0, 1, 1, 1, 1, 1, 1